0 1 79.0
0 80 67.0
0 141 92.0
1 378 30.0
141 139 22.0
141 142 27.0
139 140 6.0
139 163 7.0
142 143 7.0
142 144 4.0
140 97 36.0
140 164 7.0 
163 18 8.0
163 164 6.0
144 145 26.0
144 148 13.0
97 96 40.0
97 165 9.0
164 37 9.0
164 165 34.0
18 6 27.0
18 37 6.0
145 160 80.0
148 147 48.0
148 149 85.0
96 335 96.0
165 138 20.0
37 138 29.0
6 5 61.0
160 159 92.0
147 146 58.0
147 5 21.0
335 334 71.0
138 78 63.0
5 4 44.0
159 158 93.0
146 10 73.0
334 333 82.0
78 77 4.0
78 79 5.0
4 124 59.0
4 129 26.0
158 110 25.0
158 133 45.0
10 11 99.0
10 83 73.0
333 332 59.0
77 327 63.0
124 125 21.0
124 126 19.0
129 130 35.0
129 131 11.0
110 7 12.0
110 117 27.0
133 132 94.0
133 166 32.0
11 12 53.0
83 666 7.0
332 331 75.0
327 336 50.0
125 161 25.0
125 162 25.0
126 127 9.0
126 128 70.0
7 2 15.0
7 109 31.0
7 162 46.0
117 113 60.0
117 109 10.0
132 134 72.0
132 137 61.0
166 17 2.0
166 167 90.0
12 128 80.0
12 36 11.0
666 667 6.0
666 670 43.0
666 648 20.0
331 810 60.0
336 337 20.0
336 407 12.0
161 3 19.0
161 162 3.0
128 3 15.0
2 3 27.0
2 157 1.0
2 30 18.0
109 118 2.0
113 114 79.0
113 112 5.0
134 135 19.0
134 137 40.0
137 136 105.0
17 16 17.0
36 84 32.0
36 99 42.0
670 669 69.0
648 647 31.0
648 663 87.0
810 811 34.0
407 406 3.0
407 404 6.0
157 156 34.0
30 22 31.0
30 31 21.0
118 119 13.0
118 112 55.0
112 111 26.0
112 116 38.0
136 85 91.0
16 64 90.0
84 694 76.0
99 98 30.0
99 29 14.0
669 668 70.0
663 827 18.0
811 812 8.0
811 813 80.0
811 827 94.0
404 403 38.0
404 405 17.0
156 120 2.0
156 23 9.0
22 21 15.0
22 23 12.0
22 29 58.0
119 120 4.0
119 121 14.0
111 34 25.0
111 115 10.0
116 115 18.0
116 122 39.0
85 86 72.0
64 63 126.0
694 695 98.0
98 29 34.0
98 153 8.0
29 8 19.0
668 700 74.0
827 828 5.0
813 776 83.0
403 328 76.0
120 121 13.0
23 32 9.0
21 9 5.0
21 32 12.0
121 34 12.0
34 33 10.0
115 20 21.0
122 108 9.0
122 123 1.0
86 87 84.0
63 56 151.0
63 68 77.0
153 696 29.0
8 9 55.0
8 15 10.0
700 701 20.0
776 777 11.0
776 778 13.0
328 329 106.0
328 338 12.0
32 33 18.0
9 35 9.0
33 35 10.0
20 19 25.0
20 35 36.0
108 26 21.0
108 123 9.0
123 19 17.0
87 318 14.0
56 55 134.0
56 66 118.0
56 67 58.0
68 69 70.0
15 27 7.0
15 28 7.0
778 779 9.0
778 825 10.0
338 193 61.0
338 339 15.0
26 25 10.0
26 24 4.0
318 317 33.0
318 81 10.0
55 54 95.0
66 65 72.0
66 71 78.0
67 70 12.0
67 71 36.0
69 70 45.0
27 100 27.0
27 28 2.0
28 24 97.0
825 727 11.0
825 826 19.0
193 194 42.0
193 199 143.0
25 106 14.0
25 24 11.0
317 330 132.0
317 343 21.0
81 14 28.0
54 53 78.0
65 75 13.0
65 94 28.0
71 74 38.0
70 72 32.0
100 103 17.0
100 104 36.0
727 725 36.0
727 726 56.0
194 340 12.0
199 190 18.0
199 202 45.0
106 107 15.0
106 152 10.0
330 341 28.0
343 342 57.0
343 344 56.0
14 82 64.0
14 13 18.0
53 44 77.0
75 76 77.0
75 93 12.0
74 73 96.0
74 72 42.0
72 174 43.0
103 104 22.0
103 155 30.0
104 105 5.0
104 154 19.0
725 724 91.0
725 726 43.0
725 766 22.0
726 767 61.0
340 189 9.0
340 341 25.0
190 189 94.0
190 200 53.0
190 283 30.0
202 200 26.0
202 349 48.0
152 39 7.0
341 189 19.0
342 344 10.0
344 319 67.0
82 319 11.0
44 58 103.0
44 45 75.0
76 89 88.0
76 95 16.0
73 151 70.0
73 174 62.0
155 102 2.0
155 154 2.0
105 697 30.0
154 102 3.0
724 822 9.0
724 823 103.0
766 765 9.0
766 774 10.0
767 768 22.0
767 769 14.0
200 201 6.0
283 345 52.0
283 409 68.0
349 218 41.0
349 288 28.0
39 38 41.0
39 40 51.0
319 320 56.0
319 150 5.0
58 57 71.0
45 46 89.0
89 90 62.0
151 150 56.0
102 101 10.0
697 101 1.0
697 712 80.0
823 721 77.0
823 824 15.0
765 772 53.0
765 821 8.0
774 773 8.0
774 838 77.0
769 836 54.0
769 837 51.0
201 288 32.0
201 290 29.0
409 284 29.0
409 410 108.0
218 186 34.0
218 219 22.0
218 387 30.0
288 289 27.0
288 387 47.0
38 88 56.0
38 41 143.0
320 321 34.0
320 322 72.0
57 60 83.0
57 61 9.0
46 47 57.0
90 91 66.0
712 711 0.0
712 714 44.0
721 720 54.0
721 733 88.0
721 843 76.0
838 839 40.0
836 770 24.0
836 837 16.0
837 729 20.0
284 285 58.0
410 289 74.0
410 287 81.0
186 187 26.0
186 195 101.0
219 260 16.0
219 348 38.0
387 187 57.0
88 671 15.0
41 42 27.0
41 43 112.0
322 323 55.0
60 59 71.0
61 62 87.0
61 92 41.0
47 48 58.0
91 323 50.0
711 681 80.0
714 713 2.0
714 716 0.0
720 771 29.0
733 734 42.0
843 844 91.0
839 840 85.0
839 842 12.0
770 728 11.0
770 775 23.0
729 728 10.0
729 846 41.0
287 286 20.0
287 346 98.0
187 195 88.0
187 411 55.0
195 261 24.0
671 710 40.0
43 52 95.0
43 169 120.0
323 296 19.0
48 49 66.0
681 682 45.0
681 687 17.0
713 715 0.0
716 711 44.0
716 717 6.0
734 735 47.0
844 728 8.0
844 845 48.0
840 841 49.0
846 748 80.0
846 847 18.0
286 291 36.0
346 347 16.0
411 412 69.0
411 356 114.0
261 217 17.0
52 51 72.0
169 168 40.0
169 170 82.0
296 297 28.0
296 324 62.0
296 408 45.0
49 50 70.0
682 683 49.0
682 684 80.0
687 686 52.0
687 688 13.0
715 716 2.0
715 717 4.0
735 736 35.0
748 747 143.0
748 746 90.0
291 350 56.0
291 351 44.0
412 413 36.0
356 355 18.0
217 216 21.0
217 188 16.0
51 50 72.0
170 171 85.0
324 325 4.0
684 685 47.0
686 646 79.0
736 737 53.0
747 746 92.0
747 749 118.0
746 361 36.0
350 414 6.0
351 352 34.0
355 353 32.0
355 357 17.0
216 213 20.0
216 188 29.0
188 182 30.0
171 172 72.0
646 645 70.0
646 649 48.0
737 738 57.0
749 797 82.0
361 362 7.0
414 390 41.0
414 415 68.0
414 416 70.0
353 185 16.0
353 354 23.0
357 185 32.0
357 388 18.0
213 212 15.0
213 214 40.0
182 425 56.0
182 183 62.0
172 173 71.0
645 644 55.0
649 655 81.0
738 739 43.0
797 791 54.0
797 800 43.0
362 358 24.0
362 359 39.0
390 391 30.0
390 392 8.0
390 402 23.0
416 417 13.0
416 418 29.0
185 184 54.0
185 196 72.0
388 183 55.0
388 389 50.0
212 257 23.0
214 215 13.0
425 231 22.0
425 426 82.0
644 643 71.0
655 656 88.0
739 740 36.0
791 792 10.0
800 760 81.0
800 809 74.0
358 258 104.0
358 359 32.0
359 360 3.0
391 393 82.0
391 402 7.0
196 292 9.0
231 205 13.0
231 232 13.0
426 365 13.0
426 363 17.0
643 641 82.0
656 678 71.0
740 741 67.0
792 793 19.0
792 794 15.0
760 759 61.0
760 761 132.0
809 312 46.0
258 222 29.0
258 259 76.0
292 293 42.0
292 295 23.0
205 206 11.0
205 232 2.0
205 238 38.0
232 234 11.0
232 363 79.0
365 364 25.0
363 211 50.0
363 364 26.0
641 642 65.0
678 679 67.0
741 742 10.0
793 722 62.0
794 795 1.0
794 796 0.0
759 758 17.0
759 799 59.0
761 762 18.0
761 763 31.0
312 311 85.0
222 223 59.0
222 211 33.0
293 294 57.0
293 295 21.0
293 298 43.0
206 234 1.0
206 236 11.0
238 237 21.0
238 243 26.0
234 245 37.0
211 210 55.0
642 638 50.0
679 677 69.0
679 680 42.0
742 743 62.0
722 723 9.0
722 730 43.0
795 796 1.0
758 723 129.0
799 790 51.0
762 763 25.0
763 808 86.0
311 271 93.0
223 419 17.0
223 228 37.0
298 299 39.0
298 300 113.0
236 235 26.0
236 237 3.0
237 244 26.0
243 241 30.0
243 244 21.0
243 396 26.0
245 235 1.0
245 249 5.0
638 639 118.0
677 675 38.0
677 680 30.0
743 732 65.0
723 790 39.0
790 789 77.0
808 956 11.0
271 272 39.0
419 227 22.0
419 420 26.0
228 421 17.0
228 227 10.0
300 301 89.0
300 302 109.0
235 244 2.0
235 250 6.0
244 240 30.0
241 240 21.0
241 242 27.0
396 246 46.0
396 397 14.0
249 250 1.0
249 251 12.0
639 640 27.0
639 660 66.0
675 676 30.0
675 698 47.0
732 731 38.0
732 751 25.0
789 788 80.0
956 593 23.0
956 920 1.0
272 204 32.0
272 274 69.0
227 420 12.0
227 220 39.0
420 394 83.0
421 224 29.0
421 230 19.0
302 279 128.0
302 303 51.0
250 252 11.0
240 239 1.0
246 247 8.0
246 248 15.0
251 252 1.0
251 253 9.0
660 659 81.0
698 699 12.0
731 819 8.0
751 750 59.0
751 764 5.0
788 756 88.0
920 921 46.0
920 583 23.0
204 203 9.0
204 269 7.0
274 273 23.0
274 381 27.0
220 221 3.0
220 229 22.0
394 395 22.0
224 225 62.0
224 229 11.0
224 262 45.0
230 229 7.0
279 280 103.0
279 309 73.0
279 310 118.0
252 254 9.0
239 254 3.0
239 256 13.0
239 399 1.0
253 254 1.0
253 263 23.0
253 399 3.0
659 658 80.0
699 705 3.0
819 816 101.0
819 820 26.0
750 781 88.0
764 784 76.0
764 807 148.0
756 757 31.0
756 829 73.0
921 925 64.0
921 864 6.0
583 512 43.0
203 273 54.0
203 276 51.0
269 266 20.0
269 270 11.0
273 313 51.0
381 382 20.0
381 379 49.0
225 226 70.0
262 233 51.0
262 198 60.0
280 281 79.0
309 304 13.0
309 316 118.0
310 621 114.0
256 181 8.0
256 255 1.0
399 255 13.0
658 662 90.0
658 692 74.0
705 706 13.0
705 708 3.0
816 817 74.0
816 818 14.0
784 782 13.0
784 848 79.0
807 806 87.0
829 755 29.0
829 830 48.0
925 959 13.0
925 972 32.0
864 865 42.0
864 893 5.0
512 444 50.0
512 588 35.0
512 592 1.0
276 175 17.0
276 277 7.0
276 278 27.0
266 265 54.0
266 267 54.0
313 584 15.0
379 380 47.0
379 383 1.0
226 197 29.0
226 192 78.0
233 181 0.0
233 255 8.0
198 197 42.0
198 181 46.0
198 264 53.0
281 207 52.0
281 369 49.0
304 305 72.0
304 307 87.0
304 308 13.0
316 513 129.0
621 620 104.0
181 180 51.0
662 661 73.0
692 690 60.0
692 693 15.0
706 707 69.0
706 708 15.0
708 709 52.0
817 718 40.0
782 783 21.0
848 849 98.0
848 850 112.0
806 805 61.0
755 754 20.0
755 752 13.0
830 955 0.0
959 891 51.0
959 958 68.0
959 960 46.0
972 833 34.0
972 973 23.0
865 894 5.0
865 951 30.0
865 960 74.0
893 894 43.0
893 510 15.0
444 427 40.0
444 436 48.0
588 587 40.0
588 591 1.0
588 589 0.0
592 386 12.0
592 593 43.0
175 176 14.0
175 275 80.0
265 267 18.0
265 401 38.0
267 191 47.0
584 511 1.0
584 585 61.0
383 384 47.0
197 366 23.0
192 191 28.0
192 268 24.0
264 398 49.0
207 208 84.0
207 209 30.0
369 282 12.0
369 373 4.0
305 306 77.0
513 489 97.0
620 488 5.0
620 619 6.0
661 814 65.0
690 689 65.0
690 691 34.0
707 703 100.0
718 719 6.0
718 780 17.0
849 855 16.0
850 851 104.0
850 855 3.0
805 804 49.0
754 787 10.0
752 753 15.0
752 802 22.0
955 918 30.0
955 922 21.0
891 892 59.0
891 917 21.0
958 918 15.0
958 835 1.0
960 892 49.0
833 834 8.0
894 507 13.0
951 942 43.0
951 521 17.0
510 427 2.0
427 428 45.0
436 428 38.0
436 430 38.0
436 520 22.0
587 589 40.0
591 384 13.0
591 592 35.0
589 590 1.0
589 524 28.0
386 385 49.0
176 177 97.0
176 178 27.0
275 423 7.0
401 191 2.0
401 400 17.0
511 451 74.0
511 524 61.0
585 524 1.0
585 590 28.0
366 367 26.0
366 368 75.0
268 400 18.0
208 209 70.0
282 178 61.0
373 370 6.0
373 376 11.0
306 314 98.0
306 326 47.0
489 488 91.0
489 490 202.0
488 619 3.0
619 485 46.0
814 744 59.0
814 815 30.0
689 987 49.0
703 654 10.0
703 704 21.0
719 801 85.0
855 854 69.0
851 963 83.0
804 803 67.0
753 798 70.0
753 834 26.0
802 918 3.0
918 917 38.0
922 919 20.0
922 971 70.0
892 908 12.0
917 919 18.0
835 834 18.0
507 428 3.0
942 866 19.0
942 943 62.0
521 520 42.0
430 429 15.0
430 519 28.0
520 446 91.0
520 519 35.0
590 380 13.0
590 591 0.0
524 523 82.0
178 179 79.0
423 422 5.0
423 424 44.0
451 450 7.0
451 452 7.0
370 371 19.0
370 374 8.0
370 376 9.0
314 315 49.0
490 496 49.0
490 527 1.0
490 544 26.0
485 475 3.0
485 487 5.0
744 745 29.0
987 986 66.0
654 652 61.0
654 657 63.0
801 998 81.0
854 853 79.0
963 964 75.0
803 929 72.0
971 970 33.0
971 985 28.0
908 909 90.0
908 940 54.0
866 867 82.0
866 873 24.0
943 944 10.0
943 945 6.0
429 523 19.0
429 586 37.0
519 440 94.0
519 522 36.0
446 447 20.0
446 461 6.0
446 462 27.0
523 450 42.0
523 522 36.0
422 460 94.0
450 452 1.0
450 458 9.0
452 457 11.0
452 459 50.0
371 372 4.0
371 375 5.0
374 375 4.0
374 377 24.0
315 514 38.0
496 497 7.0
496 545 1.0
496 571 31.0
527 528 161.0
527 543 27.0
527 545 47.0
544 543 1.0
544 580 27.0
475 474 85.0
475 487 5.0
487 486 131.0
986 990 34.0
652 653 14.0
652 657 14.0
652 672 23.0
657 665 70.0
998 995 64.0
853 852 76.0
964 965 63.0
929 928 46.0
970 923 45.0
970 985 22.0
909 910 83.0
940 982 28.0
940 983 56.0
867 509 25.0
867 508 24.0
867 950 17.0
944 946 38.0
440 439 43.0
440 437 1.0
440 438 42.0
522 518 30.0
461 439 20.0
461 605 24.0
462 445 22.0
462 605 0.0
460 459 53.0
458 457 3.0
458 518 27.0
457 598 134.0
375 377 24.0
497 495 84.0
497 498 9.0
545 572 32.0
571 572 1.0
571 573 5.0
528 529 122.0
543 579 26.0
580 542 39.0
580 579 1.0
474 476 86.0
474 480 38.0
486 483 95.0
990 989 70.0
672 651 21.0
672 673 6.0
665 634 18.0
665 627 15.0
995 994 27.0
995 996 55.0
852 856 27.0
852 857 25.0
965 879 48.0
965 966 34.0
928 927 31.0
923 858 16.0
923 937 118.0
910 874 81.0
910 941 5.0
982 981 55.0
982 984 62.0
983 984 8.0
509 443 25.0
508 442 25.0
950 948 31.0
946 947 16.0
946 949 2.0
439 441 1.0
439 445 22.0
437 438 42.0
437 449 47.0
438 597 37.0
438 598 44.0
518 597 39.0
445 443 7.0
445 448 1.0
598 453 43.0
598 599 50.0
495 492 48.0
495 483 20.0
572 574 5.0
573 575 32.0
529 530 113.0
579 541 39.0
542 540 66.0
480 477 57.0
480 484 93.0
483 482 41.0
989 988 74.0
651 650 16.0
634 625 17.0
627 624 28.0
994 993 58.0
996 997 36.0
856 786 26.0
856 859 61.0
857 858 85.0
857 859 27.0
879 878 18.0
966 967 66.0
966 968 78.0
927 926 64.0
937 938 26.0
937 939 62.0
874 875 77.0
874 870 12.0
941 962 27.0
941 979 93.0
981 939 71.0
984 875 6.0
443 442 1.0
442 448 7.0
442 594 20.0
948 949 63.0
948 962 16.0
949 961 40.0
441 437 43.0
449 431 25.0
449 434 49.0
448 441 22.0
453 432 29.0
453 454 24.0
453 517 32.0
599 454 28.0
599 477 122.0
492 491 26.0
492 613 71.0
574 576 32.0
575 576 1.0
575 577 3.0
530 531 108.0
541 539 66.0
540 537 48.0
540 539 1.0
477 478 159.0
484 481 100.0
482 481 70.0
650 637 87.0
625 624 10.0
625 626 38.0
624 629 72.0
997 832 23.0
786 785 90.0
859 860 41.0
878 880 18.0
878 900 57.0
968 957 52.0
968 969 20.0
926 896 62.0
939 890 3.0
870 861 41.0
870 907 9.0
979 980 88.0
594 595 15.0
594 596 41.0
431 432 15.0
434 432 40.0
434 456 45.0
434 517 37.0
517 456 65.0
491 532 1.0
491 547 37.0
613 612 66.0
576 578 3.0
577 491 37.0
577 578 1.0
531 564 8.0
539 538 48.0
537 538 1.0
537 533 12.0
478 479 48.0
478 481 61.0
637 636 50.0
626 664 39.0
629 628 72.0
832 831 66.0
900 899 30.0
900 957 19.0
957 898 33.0
896 895 78.0
896 897 54.0
890 887 49.0
890 905 18.0
861 862 128.0
861 888 55.0
861 935 40.0
980 606 40.0
456 455 6.0
456 466 78.0
532 500 78.0
532 546 36.0
532 578 38.0
547 546 1.0
547 549 36.0
612 556 74.0
612 616 46.0
564 464 69.0
564 582 16.0
538 536 12.0
533 534 14.0
533 536 1.0
479 609 42.0
636 635 53.0
664 674 18.0
628 630 45.0
628 633 25.0
899 898 65.0
899 901 22.0
898 877 28.0
895 915 40.0
895 930 41.0
897 871 29.0
897 932 5.0
887 883 27.0
887 888 39.0
905 904 10.0
905 906 13.0
862 913 15.0
862 954 18.0
888 889 39.0
935 885 10.0
935 936 10.0
606 466 75.0
455 468 25.0
466 467 23.0
466 600 247.0
500 499 39.0
500 562 55.0
546 548 36.0
549 494 5.0
549 548 1.0
556 558 1.0
556 611 25.0
616 615 54.0
616 611 96.0
464 504 57.0
464 526 1.0
582 581 19.0
536 535 13.0
609 608 78.0
635 702 98.0
630 631 87.0
630 633 20.0
901 902 16.0
901 903 25.0
877 869 97.0
915 914 30.0
915 930 12.0
930 914 35.0
871 872 48.0
871 916 30.0
932 933 22.0
932 931 165.0
883 882 21.0
883 889 18.0
913 912 33.0
913 952 32.0
954 952 27.0
954 977 80.0
889 975 5.0
885 884 11.0
885 886 21.0
885 975 50.0
468 467 38.0
468 469 29.0
467 469 19.0
467 607 33.0
600 516 89.0
600 601 47.0
499 602 21.0
562 561 93.0
548 550 4.0
494 493 35.0
494 550 1.0
494 551 8.0
558 557 33.0
558 617 23.0
611 559 14.0
611 617 1.0
615 614 55.0
504 505 30.0
504 506 1.0
504 565 17.0
526 463 0.0
526 569 11.0
581 502 4.0
608 607 67.0
702 991 38.0
631 623 52.0
631 632 79.0
869 868 59.0
869 911 9.0
914 924 62.0
872 876 83.0
916 999 80.0
931 876 27.0
931 934 82.0
882 881 20.0
952 953 27.0
977 863 20.0
977 978 49.0
975 976 25.0
884 886 23.0
884 974 18.0
469 470 18.0
607 471 68.0
516 433 80.0
516 515 66.0
516 435 43.0
601 472 98.0
601 610 52.0
561 501 45.0
561 563 25.0
550 552 9.0
551 552 1.0
551 553 28.0
557 554 5.0
557 555 1.0
617 560 15.0
559 560 1.0
559 618 31.0
614 473 66.0
506 568 16.0
565 566 1.0
565 567 21.0
565 568 1.0
463 464 1.0
463 465 11.0
463 506 57.0
569 525 95.0
569 570 23.0
569 465 0.0
502 503 1.0
502 603 28.0
502 604 20.0
991 992 32.0
623 622 41.0
