3012.0
4365.0
3836.0
4253.0
4191.0
4462.0
3916.0
3855.0
3816.0
4124.0
4319.0
4077.0
3905.0
4278.0
3640.0
4682.0
4057.0
4643.0
3882.0
4292.0
3140.0
3121.0
4444.0
3960.0
3813.0
4621.0
4003.0
2898.0
4079.0
3729.0
3857.0
3904.0
4349.0
4059.0
3490.0
4139.0
3795.0
3883.0
4863.0
4311.0
4017.0
4456.0
3716.0
4074.0
3190.0
3966.0
2674.0
3756.0
3464.0
3849.0
3822.0
4270.0
3708.0
3430.0
4823.0
4075.0
3766.0
3354.0
3678.0
4815.0
3632.0
4120.0
4540.0
4304.0
3989.0
3884.0
3756.0
3349.0
3843.0
2892.0
3160.0
4090.0
3726.0
3917.0
5130.0
3937.0
4395.0
4083.0
2826.0
2678.0
3322.0
3805.0
3967.0
3875.0
3415.0
3978.0
3864.0
4078.0
3267.0
4180.0
5682.0
4037.0
4062.0
2953.0
3912.0
3845.0
3744.0
3416.0
3673.0
3995.0
3803.0
4179.0
4549.0
4184.0
4206.0
3190.0
3097.0
4353.0
4177.0
3869.0
3356.0
4187.0
4351.0
3417.0
3178.0
3890.0
3805.0
3646.0
3706.0
4156.0
3628.0
4519.0
4897.0
3332.0
3508.0
3442.0
3808.0
3453.0
3721.0
4071.0
4406.0
3474.0
4354.0
3513.0
2806.0
4058.0
3934.0
4448.0
3872.0
4037.0
3508.0
2955.0
4401.0
4233.0
3541.0
3884.0
2883.0
3453.0
4469.0
4435.0
4019.0
3659.0
2777.0
4229.0
3875.0
3830.0
3285.0
3958.0
3595.0
4167.0
3851.0
3890.0
3793.0
3879.0
4100.0
3649.0
4078.0
3466.0
3686.0
4097.0
3538.0
3086.0
3671.0
3678.0
4694.0
4393.0
3559.0
3940.0
4330.0
3946.0
4048.0
3889.0
2922.0
3658.0
4053.0
3562.0
4122.0
3855.0
3840.0
3463.0
4462.0
3381.0
4327.0
3462.0
3146.0
3719.0
3955.0
4088.0
3510.0
4163.0
3925.0
3540.0
3806.0
2812.0
3914.0
3983.0
4174.0
4179.0
4132.0
3834.0
3681.0
4432.0
3975.0
3967.0
4423.0
4075.0
3141.0
3996.0
4745.0
3621.0
3541.0
4249.0
3881.0
3758.0
4285.0
3536.0
3633.0
4334.0
3720.0
4036.0
4581.0
4048.0
3855.0
3548.0
4156.0
3869.0
4302.0
3604.0
3453.0
5759.0
4132.0
4453.0
3766.0
3964.0
3768.0
3824.0
3826.0
3000.0
4298.0
3785.0
4085.0
4906.0
3973.0
4215.0
4081.0
4143.0
3760.0
3409.0
3610.0
3878.0
4445.0
2655.0
4122.0
3330.0
4025.0
3440.0
3883.0
2806.0
4490.0
4168.0
3496.0
3507.0
2924.0
3533.0
3639.0
3569.0
3968.0
4495.0
3926.0
3235.0
3278.0
3717.0
4528.0
3939.0
4078.0
4408.0
3356.0
3148.0
3771.0
5263.0
3674.0
4335.0
4266.0
4077.0
3769.0
4490.0
2155.0
4081.0
3375.0
4064.0
3985.0
3191.0
3708.0
4740.0
4055.0
4178.0
4119.0
4246.0
3842.0
4347.0
3029.0
3939.0
4167.0
4240.0
4409.0
3296.0
4210.0
4151.0
3634.0
4149.0
4812.0
3439.0
3420.0
4062.0
4113.0
4101.0
4193.0
3440.0
3790.0
4633.0
4015.0
3110.0
2636.0
3413.0
3300.0
3839.0
3541.0
3450.0
3113.0
3425.0
4760.0
3383.0
4309.0
3833.0
3475.0
3037.0
4258.0
3665.0
3131.0
4018.0
3608.0
3934.0
4062.0
3588.0
3985.0
3764.0
4041.0
2385.0
3735.0
3602.0
3519.0
2923.0
3389.0
3363.0
3901.0
4239.0
3655.0
4239.0
3790.0
3837.0
3210.0
3089.0
3642.0
3920.0
3736.0
2988.0
3484.0
4194.0
3650.0
4005.0
4198.0
3708.0
4187.0
3912.0
4126.0
3580.0
3969.0
4173.0
3774.0
4508.0
3940.0
3615.0
3410.0
3880.0
2764.0
3990.0
4485.0
4746.0
4614.0
3707.0
3843.0
6186.0
3605.0
3296.0
4071.0
3817.0
4576.0
3534.0
3266.0
3891.0
3389.0
4615.0
3184.0
2912.0
4568.0
4089.0
4621.0
3756.0
3902.0
3486.0
3209.0
4002.0
3380.0
4202.0
4023.0
3817.0
4266.0
4399.0
4619.0
3799.0
3426.0
3973.0
4246.0
3350.0
3773.0
3970.0
4485.0
2994.0
4658.0
4024.0
3247.0
3430.0
4337.0
4112.0
4126.0
3139.0
3704.0
3357.0
4423.0
3263.0
4600.0
3396.0
4152.0
3626.0
4188.0
4868.0
3767.0
4076.0
3958.0
4207.0
2864.0
4666.0
3540.0
4843.0
4235.0
3869.0
3348.0
3510.0
4150.0
4315.0
2865.0
3844.0
3893.0
4021.0
3166.0
3860.0
3802.0
4189.0
3925.0
3055.0
3660.0
4025.0
4340.0
3877.0
3780.0
3576.0
3381.0
3470.0
3740.0
4020.0
4567.0
3556.0
3690.0
3823.0
3442.0
3172.0
4432.0
3619.0
3275.0
3444.0
3798.0
3547.0
4018.0
4455.0
4671.0
4140.0
3849.0
3084.0
3230.0
3977.0
3537.0
3685.0
3270.0
4001.0
4180.0
3650.0
2780.0
3980.0
4340.0
2991.0
3455.0
4080.0
3354.0
3966.0
3596.0
4374.0
4171.0
4066.0
4118.0
3597.0
3348.0
3428.0
4441.0
4119.0
3618.0
2838.0
4050.0
3888.0
4521.0
4463.0
3954.0
3517.0
4912.0
3880.0
3709.0
3437.0
3219.0
4335.0
3636.0
4005.0
3570.0
3655.0
4188.0
4409.0
4366.0
4066.0
3258.0
3478.0
3599.0
3533.0
4366.0
3660.0
4416.0
4165.0
3961.0
4058.0
3630.0
4430.0
3411.0
3232.0
4361.0
3751.0
3954.0
3911.0
4351.0
3600.0
3408.0
3698.0
3141.0
4026.0
4005.0
5058.0
3740.0
2969.0
3490.0
4255.0
4571.0
3486.0
3844.0
3769.0
3225.0
3372.0
4025.0
4392.0
3043.0
3059.0
3880.0
4342.0
3611.0
3671.0
3105.0
3749.0
3067.0
4421.0
3745.0
4430.0
4420.0
4542.0
3547.0
4050.0
3741.0
3219.0
3265.0
4320.0
3416.0
3427.0
3831.0
4065.0
3231.0
4155.0
3840.0
3703.0
3679.0
3852.0
2862.0
4165.0
4065.0
4776.0
4232.0
4318.0
4646.0
3916.0
3121.0
3532.0
4025.0
4044.0
4119.0
4379.0
4552.0
4440.0
3135.0
2843.0
3221.0
3801.0
3848.0
3398.0
3246.0
3944.0
4122.0
3732.0
3653.0
3541.0
4010.0
4469.0
4059.0
4062.0
3392.0
3726.0
2782.0
4021.0
3726.0
3782.0
3658.0
3040.0
3423.0
3909.0
3216.0
3699.0
3842.0
5105.0
3910.0
4199.0
3392.0
3640.0
4602.0
4074.0
4060.0
4696.0
4215.0
3789.0
4944.0
3810.0
4210.0
4090.0
4118.0
4246.0
4472.0
3227.0
3713.0
3615.0
3301.0
4367.0
3422.0
3874.0
4212.0
3829.0
4131.0
3528.0
3176.0
4041.0
4127.0
3160.0
3698.0
3257.0
3705.0
3399.0
5210.0
4380.0
3400.0
3878.0
4045.0
3568.0
3413.0
3359.0
3974.0
3451.0
3315.0
3588.0
3950.0
3736.0
4165.0
3250.0
3376.0
4836.0
3467.0
4696.0
3419.0
3310.0
3513.0
3677.0
3251.0
3283.0
2736.0
4830.0
3948.0
3621.0
3966.0
3324.0
3241.0
3767.0
2824.0
2779.0
3840.0
3254.0
4590.0
3822.0
3807.0
3964.0
3939.0
4005.0
3660.0
3240.0
3580.0
3969.0
3556.0
3460.0
3887.0
4135.0
4148.0
3648.0
4127.0
4035.0
4352.0
3567.0
3443.0
4374.0
3603.0
3864.0
4423.0
3511.0
3323.0
3791.0
4450.0
3065.0
3601.0
3542.0
3912.0
3466.0
4609.0
4522.0
3877.0
4447.0
3926.0
4143.0
3820.0
2978.0
3640.0
4021.0
3992.0
3497.0
4469.0
3731.0
2494.0
4028.0
3409.0
4548.0
4260.0
3805.0
4001.0
3420.0
3546.0
3839.0
3283.0
3605.0
3281.0
3231.0
3638.0
3773.0
4462.0
4391.0
4355.0
3398.0
3344.0
4590.0
3844.0
3526.0
3740.0
3320.0
4560.0
2858.0
3478.0
3404.0
4259.0
3669.0
4123.0
3578.0
3593.0
3671.0
3646.0
3577.0
4027.0
4114.0
3894.0
4660.0
3285.0
3494.0
3470.0
4487.0
3482.0
3492.0
3526.0
4324.0
4330.0
3906.0
5205.0
3532.0
4163.0
3652.0
3573.0
4241.0
4124.0
3581.0
3556.0
3134.0
4110.0
3114.0
4123.0
3518.0
2610.0
4026.0
3713.0
4506.0
5274.0
3923.0
3574.0
4285.0
3306.0
3747.0
3431.0
3343.0
4562.0
3248.0
4462.0
3480.0
4497.0
3666.0
4005.0
4049.0
3990.0
3299.0
4405.0
4005.0
3700.0
4003.0
3452.0
4122.0
3399.0
4009.0
3514.0
4327.0
4092.0
3720.0
3948.0
3757.0
4512.0
4873.0
3747.0
3830.0
3102.0
3262.0
4308.0
2798.0
3589.0
4615.0
4206.0
4581.0
3250.0
4347.0
4324.0
3596.0
4194.0
3673.0
3613.0
4313.0
2488.0
4118.0
3486.0
4056.0
3520.0
4287.0
3809.0
3412.0
3550.0
4260.0
4101.0
3908.0
3100.0
3326.0
3917.0
3933.0
4373.0
3316.0
4352.0
4601.0
3720.0
3963.0
3657.0
3583.0
4165.0
3875.0
4749.0
3486.0
4051.0
3467.0
3018.0
3518.0
4062.0
4324.0
3380.0
3502.0
4136.0
4050.0
4207.0
3878.0
3772.0
3548.0
3708.0
3401.0
5475.0
4171.0
3345.0
3717.0
3511.0
4516.0
4235.0
3695.0
3305.0
3579.0
4363.0
4133.0
3091.0
3375.0
2662.0
3394.0
3639.0
3790.0
4319.0
4014.0
4285.0
3856.0
3471.0
3909.0
3985.0
3975.0
3624.0
4131.0
4165.0
3587.0
3537.0
3675.0
3759.0
3791.0
3438.0
4080.0
4113.0
3641.0
3695.0
2947.0
3993.0
4188.0
3556.0
4138.0
4189.0
4631.0
3845.0
4490.0
3796.0
3046.0
3305.0
3958.0
4924.0
3890.0
3658.0
3652.0
3209.0
4222.0
4077.0
4528.0
3012.0
4724.0
4254.0
2812.0
3479.0
4656.0
3578.0
3137.0
4024.0
4136.0
4178.0
3583.0
4390.0
3629.0
4071.0
4434.0
3727.0
3488.0
3789.0
4044.0
3955.0
3860.0
3108.0
4005.0
3790.0
3457.0
3240.0
4389.0
4000.0
4070.0
3512.0
3998.0
4086.0
4022.0
4102.0
3377.0
3479.0
4021.0
3440.0
4579.0
3459.0
3873.0
4219.0
3697.0
4044.0
4360.0
4756.0
3622.0
4434.0
4244.0
3772.0
2940.0
3322.0
3887.0
4042.0
3566.0
2662.0
3795.0
3550.0
3975.0
3159.0
3785.0
3674.0
3576.0
3638.0
4575.0
3642.0
3832.0
3981.0
4755.0
3234.0
3703.0
4051.0
3910.0
3974.0
3867.0
3606.0
4240.0
3558.0
3422.0
4075.0
3090.0
4369.0
2447.0
4077.0
3894.0
3963.0
3825.0
4905.0
4074.0
4396.0
4412.0
4822.0
3112.0
3991.0
4403.0
4168.0
3733.0
4198.0
4170.0
4050.0
4746.0
4088.0
3549.0
3347.0
2663.0
4019.0
3401.0
4000.0
4615.0
3756.0
4490.0
3755.0
3975.0
4294.0
3727.0
4338.0
4024.0
4423.0
3689.0
4004.0
4207.0
3857.0
3932.0
3652.0
4167.0
3633.0
3111.0
3827.0
3994.0
4096.0
3610.0
2598.0
3825.0
3311.0
4366.0
4165.0
3283.0
3162.0
4429.0
4696.0
4430.0
3541.0
3332.0
3660.0
4001.0
4046.0
3016.0
4273.0
4665.0
3942.0
2876.0
3555.0
3419.0
3881.0
3913.0
4128.0
3103.0
3011.0
4347.0
3913.0
3561.0
4408.0
4882.0
3605.0
3361.0
3915.0
3705.0
3226.0
3699.0
2967.0
3948.0
4552.0
3761.0
3391.0
4433.0
3653.0
3533.0
3580.0
2834.0
4073.0
4200.0
3521.0
3669.0
4043.0
3281.0
6130.0
4458.0
3843.0
4497.0
4027.0
4666.0
