3338.5
4788.5
5092.0
4253.0
4191.0
5069.0
3916.0
3855.0
3816.0
4124.0
4319.0
4077.0
5416.0
4278.0
3640.0
4682.0
4057.0
4643.0
4462.0
4292.0
3563.0
3121.0
4444.0
4620.0
3813.0
4621.0
4003.0
3732.5
4079.0
4626.5
3857.0
4535.5
4349.0
4828.5
3631.5
4139.0
3815.0
3883.0
7101.5
4311.0
4017.0
4456.0
3716.0
5860.0
4047.5
3966.0
3709.5
3756.0
3464.0
3849.0
5070.0
4915.0
4308.0
4101.0
5816.5
4075.0
3766.0
3354.0
3678.0
4815.0
3632.0
4717.5
4540.0
4304.0
3989.0
3884.0
3756.0
4755.0
3843.0
2892.0
3160.0
4090.0
3726.0
3917.0
5194.5
3937.0
4584.5
4083.0
4131.5
3940.5
3799.0
3805.0
3967.0
3875.0
3415.0
3978.0
3864.0
4078.0
3267.0
4180.0
5779.0
4037.0
4062.0
3047.5
3912.0
3845.0
3744.0
3416.0
3673.0
4517.0
3803.0
4179.0
4549.0
4184.0
4206.0
3190.0
3097.0
4353.0
4192.5
3869.0
3779.0
4187.0
4351.0
3417.0
3178.0
3890.0
3805.0
4264.0
4217.5
4156.0
3628.0
5417.0
4970.0
4766.0
4370.5
3477.0
3861.0
3453.0
3721.0
4071.0
4406.0
3474.0
4531.0
4020.5
3459.5
4058.0
4179.5
4448.0
4798.0
4037.0
3913.5
3607.0
4401.0
4233.0
3541.0
3884.0
4089.0
3453.0
4469.0
4435.0
4738.5
3659.0
3203.0
4229.0
3875.0
3830.0
3285.0
3958.0
3595.0
4167.0
5035.5
4112.0
3793.0
3879.0
4100.0
4082.5
4929.5
4532.5
3686.0
4810.0
3538.0
3511.5
3862.0
4353.5
4694.0
4393.0
3559.0
3940.0
4330.0
3946.0
4339.5
5385.5
2922.0
3658.0
4053.0
3562.0
4585.5
4383.0
4176.5
3941.5
6494.5
3381.0
4327.0
3462.0
3572.0
3719.0
3955.0
4387.0
3510.0
5088.5
3925.0
3540.0
3973.5
3404.0
3945.0
3983.0
4174.0
4179.0
4132.0
3834.0
3681.0
4432.0
4800.0
5379.5
4423.0
5112.5
3896.0
4645.5
6080.5
3621.0
3541.0
4889.0
3881.0
3758.0
4285.0
3536.0
4283.0
4334.0
4367.0
4036.0
4581.0
4390.5
3855.0
3548.0
4156.0
3869.0
4302.0
3760.0
4452.5
6008.0
5122.0
4883.5
3943.5
4179.5
3768.0
3894.0
3826.0
3573.0
4298.0
3785.0
4492.0
4963.5
3973.0
5006.5
5420.0
4185.0
3760.0
3409.0
3610.0
3878.0
4445.0
3235.0
4122.0
3914.0
4025.0
3440.0
4418.5
4049.5
4680.5
4168.0
3496.0
3507.0
3524.0
4570.0
3648.5
3569.0
3968.0
4495.0
3926.0
3235.0
4521.5
4861.5
4528.0
4598.0
4078.0
5239.5
4068.5
4206.0
3771.0
5264.5
3674.0
4335.0
5236.0
4619.0
3769.0
4490.0
3169.5
4081.0
3375.0
4295.0
3985.0
3191.0
3708.0
4740.0
4055.0
4178.0
4119.0
4565.5
3990.0
4789.5
3967.5
3939.0
4245.0
5362.0
4447.5
3296.0
4210.0
4151.0
3634.0
4903.0
4858.0
3439.0
3420.0
4062.0
4113.0
4101.0
4193.0
3858.5
3790.0
4633.0
4015.0
3110.0
3722.5
3434.5
3300.0
3867.0
3828.0
3450.0
3113.0
4148.5
4760.0
3842.5
4948.5
4461.5
3475.0
4284.5
4263.0
3752.5
3131.0
4018.0
3608.0
4451.5
4062.0
3588.0
5214.0
4819.5
4041.0
2385.0
4754.0
3602.0
3519.0
2923.0
3423.0
3638.0
3901.0
4239.0
4023.5
4239.0
4381.5
3865.0
3210.0
3430.5
3642.0
4326.5
3736.0
2988.0
4033.5
4194.0
3650.0
4005.0
4198.0
3757.5
4187.0
3912.0
4126.0
4320.0
3969.0
4173.0
3774.0
4508.0
4886.5
3615.0
3410.0
4062.5
3607.0
4052.5
4485.0
5182.5
5459.0
4946.5
4671.0
6221.0
3605.0
3296.0
4071.0
5211.0
5795.5
4266.0
3266.0
3891.0
3942.0
4615.0
3776.5
3525.0
4568.0
5136.0
4803.5
3756.0
3902.0
3850.0
4339.0
4002.0
4280.5
4202.0
4441.5
3817.0
4266.0
5765.0
4619.0
3799.0
3426.0
3973.0
4246.0
3356.0
3773.0
3978.5
5117.5
3961.0
5704.5
4024.0
3485.5
3430.0
4337.0
4112.0
4126.0
3139.0
3704.0
3357.0
4423.0
4349.0
5054.5
4435.5
4152.0
3626.0
5604.5
4889.5
3767.0
4076.0
4733.0
4539.0
3475.0
4666.0
3540.0
4843.0
4380.5
3998.0
3348.0
4478.0
4150.0
4315.0
3505.0
3844.0
3893.0
4170.0
3166.0
3860.0
3852.0
4279.0
5266.5
3055.0
3660.0
5142.0
4340.0
3877.0
3780.0
3796.0
3381.0
3470.0
4433.0
4020.0
4567.0
4042.5
3690.0
3823.0
3766.0
3172.0
4432.0
3619.0
3600.5
3489.5
3854.0
3555.5
4018.0
4455.0
4981.5
4140.0
3884.0
3806.5
4415.0
3977.0
4699.5
3685.0
3270.0
5256.5
4180.0
4133.0
2780.0
3980.0
4340.0
3865.5
3744.5
4080.0
3354.0
3966.0
3794.0
4374.0
4171.0
4066.0
4180.0
3597.0
3348.0
4884.0
4441.0
4119.0
3618.0
3193.0
4050.0
3888.0
4521.0
4463.0
5022.5
3775.0
5103.0
3880.0
4400.5
3437.0
3985.5
4335.0
3636.0
4734.0
4048.5
3655.0
4298.0
4409.0
4366.0
4066.0
3258.0
4610.5
3832.5
4463.0
4366.0
3660.0
5345.5
4165.0
3961.0
4058.0
4654.5
4430.0
3411.0
3232.0
4361.0
4175.0
3954.0
3911.0
4351.0
3600.0
3408.0
3698.0
3141.0
4026.0
4005.0
5202.0
3740.0
2969.0
4543.5
4271.0
4571.0
4463.5
4596.5
3769.0
3225.0
4308.5
4099.5
4392.0
3913.5
3846.0
4249.0
4342.0
3611.0
3671.0
3105.0
4117.5
3693.0
4421.0
4362.0
4582.0
4678.0
5103.0
3547.0
4050.0
3741.0
3219.0
3398.5
4320.0
3824.0
4840.0
3831.0
4065.0
4614.0
4155.0
4635.5
3703.0
3679.0
3852.0
3240.5
4165.0
5092.0
5618.0
4870.0
5648.5
4646.0
3916.0
3534.5
4165.0
5024.5
4044.0
4119.0
4413.5
4552.0
4440.0
3762.5
4214.5
4102.5
3801.0
4398.0
3398.0
4535.0
3944.0
4122.0
3732.0
3653.0
3541.0
4010.0
5348.0
4248.5
4062.0
3392.0
3726.0
3430.0
5041.0
4835.5
3782.0
3658.0
4539.0
3582.0
4160.5
3838.5
3699.0
3842.0
5142.0
3910.0
5099.5
3392.0
4471.0
5236.0
4539.5
4060.0
4696.0
4215.0
4668.5
5227.0
4798.0
4739.0
4090.0
4398.5
4246.0
4472.0
3772.5
3713.0
3615.0
4299.0
4367.0
3422.0
3874.0
4212.0
3829.0
4131.0
3980.5
3176.0
4041.0
4127.0
4081.5
4009.5
4100.5
3705.0
3399.0
5254.5
5330.5
4118.5
3878.0
4715.0
3568.0
3413.0
4776.0
3974.0
3451.0
3315.0
3588.0
3950.0
3736.0
4165.0
3250.0
3588.0
4874.5
3925.0
4696.0
3419.0
3310.0
4640.0
3677.0
3251.0
3407.5
3709.5
4830.0
3948.0
3621.0
3966.0
4311.0
3241.0
3767.0
3763.0
3721.0
4514.0
4166.0
5610.0
3822.0
3807.0
4432.5
3939.0
4005.0
3660.0
4073.0
3580.0
3969.0
3556.0
3805.0
3887.0
4135.0
4366.5
4048.0
4127.0
4035.0
5538.5
3567.0
3787.5
5417.5
3603.0
3864.0
4423.0
4757.0
3323.0
4278.0
4564.0
3601.5
4514.5
3542.0
3912.0
3466.0
4609.0
4522.0
3877.0
4583.0
3926.0
4143.0
4939.5
2978.0
3640.0
4162.0
4195.0
3497.0
4469.0
4368.5
3473.5
4028.0
4260.0
4548.0
4260.0
4681.0
4001.0
3420.0
3546.0
3839.0
4340.0
3628.0
3302.0
4034.0
3638.0
4364.5
4462.0
4391.0
4932.0
3687.5
3814.5
4590.0
3844.0
3526.0
3740.0
3320.0
4560.0
3404.0
4282.0
3404.0
4259.0
3669.0
4123.0
4182.0
4292.5
4031.0
3646.0
3577.0
4027.0
4114.0
3894.0
4660.0
3285.0
3494.0
3929.0
4487.0
3482.0
3492.0
4535.0
4324.0
4330.0
3906.0
5329.0
3532.0
4163.0
3652.0
3573.0
4719.5
4124.0
3581.0
3556.0
3134.0
4110.0
4337.5
4123.0
3518.0
3772.5
4026.0
3713.0
4506.0
5309.0
3923.0
3961.5
4285.0
3306.0
3747.0
3431.0
4147.0
4942.0
4331.5
4462.0
4562.0
4879.0
4843.0
4005.0
4049.0
3990.0
4038.5
5439.5
4005.0
3700.0
4003.0
4348.5
4295.0
3399.0
4009.0
3514.0
4327.0
4113.0
3720.0
3948.0
3757.0
4512.0
4894.0
4094.0
3830.0
3947.0
3262.0
4308.0
2798.0
3589.0
4615.0
4362.0
4581.0
3250.0
5333.0
4324.0
4363.5
4194.0
3673.0
3613.0
4313.0
3338.5
4118.0
3547.0
4056.0
3520.0
5189.0
5259.5
3412.0
3550.0
4260.0
4101.0
4027.0
3282.0
4290.5
4910.0
3933.0
4373.0
4471.5
4352.0
4601.0
3720.0
5018.0
4464.0
3583.0
4165.0
3875.0
4749.0
4922.5
4262.5
3467.0
4095.5
3631.5
4062.0
5013.0
4794.0
3666.0
5971.0
5587.5
4207.0
4937.0
4772.5
3548.0
3708.0
3401.0
5503.5
4171.0
3878.5
3717.0
4840.5
5139.5
4235.0
3695.0
3305.0
3579.0
4363.0
4197.0
3429.0
3375.0
2662.0
3394.0
3639.0
3939.0
4319.0
4059.5
4285.0
3856.0
4066.5
3909.0
3985.0
3975.0
4110.5
4141.5
4310.5
5028.0
3537.0
5434.5
3877.0
3791.0
3438.0
4080.0
4231.0
3641.0
3882.5
3567.5
4881.0
4915.5
3676.0
4138.0
4189.0
4665.0
3845.0
4572.0
4511.5
3779.5
3305.0
4453.0
5387.0
3890.0
3658.0
3652.0
3209.0
4222.0
4149.0
4528.0
4014.0
4724.0
4378.5
2812.0
4010.0
4656.0
3578.0
3717.5
5149.5
4136.0
4238.0
3999.0
4390.0
3629.0
4071.0
4976.0
4450.0
3948.5
4533.0
4044.0
3955.0
3860.0
4367.0
4005.0
3790.0
4203.5
3240.0
5076.0
4000.0
4070.0
3803.0
4796.0
4086.0
4022.0
5008.5
3377.0
3532.5
4021.0
3440.0
4579.0
3459.0
4704.5
5629.5
3749.5
4814.5
4360.0
4756.0
3934.5
4766.0
4244.0
3772.0
3974.5
4329.0
3887.0
4064.0
4768.5
3585.5
4531.0
4364.0
3975.0
3159.0
3785.0
3674.0
3576.0
3638.0
4575.0
3642.0
3832.0
3981.0
4796.0
4109.5
3800.0
4159.5
3910.0
3974.0
3867.0
3606.0
4330.5
5138.5
3422.0
4075.0
3684.0
4369.0
3253.0
4077.0
3894.0
3963.0
4566.5
5076.5
5055.0
5258.0
4412.0
4822.0
3542.0
4889.5
4948.0
4168.0
4058.5
4663.0
4234.5
4988.5
4825.0
5232.0
4357.5
3997.0
3640.5
4394.5
3840.0
4000.0
5609.5
4097.5
4490.0
3755.0
3975.0
5108.0
5225.5
4338.0
4024.0
4423.0
3689.0
4004.0
4207.0
3857.0
3932.0
3652.0
4167.0
3633.0
3111.0
3827.0
4893.5
4096.0
3610.0
3367.5
3825.0
3311.0
4366.0
4165.0
4561.0
3216.5
4429.0
4880.0
4615.5
4697.5
3332.0
3660.0
4001.0
4046.0
3079.0
4273.0
4665.0
4658.0
4048.0
4441.0
3419.0
5420.5
4444.0
5351.0
4242.5
4470.0
4431.5
3969.5
4518.5
4408.0
4882.0
3605.0
3361.0
3915.0
4720.5
3226.0
3699.0
3327.0
3948.0
4552.0
3761.0
4311.5
4464.5
3653.0
3533.0
3580.0
3488.5
4335.0
4383.0
4934.5
4351.0
4043.0
3281.0
7462.0
4458.0
3843.0
4497.0
4027.0
6136.5
