0 401 364 11
0 379 789 13
0 585 677 9
0 691 900 3
0 688 38 13
0 382 479 8
0 719 854 5
0 290 760 10
0 77 126 8
0 334 175 8
0 935 73 13
0 375 130 10
0 907 232 10
0 710 968 3 
0 482 659 6
0 531 885 1
0 658 920 4
0 217 19 13
0 873 456 13
0 211 611 8
0 523 243 2
0 203 296 1
0 616 138 10
0 818 29 1
0 503 224 4
0 516 153 2
0 366 117 8
0 731 158 9
0 260 809 9
0 19 339 2
0 490 901 1
0 615 553 11
0 298 630 5
0 982 808 7
0 504 629 8
0 563 195 4
0 280 364 11
0 102 869 7
0 958 254 10
0 994 95 2
0 158 375 1
0 959 37 9
0 613 109 1
0 232 283 1
0 696 207 12
0 70 802 2
0 578 703 2
0 638 532 1
0 401 527 8
0 785 725 2
