3665.0
5212.0
6348.0
4253.0
4191.0
5676.0
3916.0
3855.0
3816.0
4124.0
4319.0
4077.0
6927.0
4278.0
3640.0
4682.0
4057.0
4643.0
5042.0
4292.0
3986.0
3121.0
4444.0
5280.0
3813.0
4621.0
4003.0
4567.0
4079.0
5524.0
3857.0
5167.0
4349.0
5598.0
3773.0
4139.0
3835.0
3883.0
9340.0
4311.0
4017.0
4456.0
3716.0
7646.0
4905.0
3966.0
4745.0
3756.0
3464.0
3849.0
6318.0
5560.0
4908.0
4772.0
6810.0
4075.0
3766.0
3354.0
3678.0
4815.0
3632.0
5315.0
4540.0
4304.0
3989.0
3884.0
3756.0
6161.0
3843.0
2892.0
3160.0
4090.0
3726.0
3917.0
5259.0
3937.0
4774.0
4083.0
5437.0
5203.0
4276.0
3805.0
3967.0
3875.0
3415.0
3978.0
3864.0
4078.0
3267.0
4180.0
5876.0
4037.0
4062.0
3142.0
3912.0
3845.0
3744.0
3416.0
3673.0
5039.0
3803.0
4179.0
4549.0
4184.0
4206.0
3190.0
3097.0
4353.0
4208.0
3869.0
4202.0
4187.0
4351.0
3417.0
3178.0
3890.0
3805.0
4882.0
4729.0
4156.0
3628.0
6315.0
5043.0
6200.0
5233.0
3512.0
3914.0
3453.0
3721.0
4071.0
4406.0
3474.0
4708.0
4870.0
4113.0
4058.0
4425.0
4448.0
5724.0
4037.0
4319.0
4259.0
4401.0
4233.0
3541.0
3884.0
5295.0
3453.0
4469.0
4435.0
5458.0
3659.0
3629.0
4229.0
3875.0
3830.0
3285.0
3958.0
3595.0
4167.0
6220.0
4334.0
3793.0
3879.0
4100.0
4516.0
5781.0
5599.0
3686.0
5523.0
3538.0
3937.0
4053.0
5029.0
4694.0
4393.0
3559.0
3940.0
4330.0
3946.0
4631.0
6882.0
2922.0
3658.0
4053.0
3562.0
5049.0
4911.0
4513.0
4420.0
8527.0
3381.0
4327.0
3462.0
3998.0
3719.0
3955.0
4686.0
3510.0
6014.0
3925.0
3540.0
4141.0
3996.0
3976.0
3983.0
4174.0
4179.0
4132.0
3834.0
3681.0
4432.0
5625.0
6792.0
4423.0
6150.0
4651.0
5295.0
7416.0
3621.0
3541.0
5529.0
3881.0
3758.0
4285.0
3536.0
4933.0
4334.0
5014.0
4036.0
4581.0
4733.0
3855.0
3548.0
4156.0
3869.0
4302.0
3916.0
5452.0
6257.0
6269.0
5314.0
4121.0
4395.0
3768.0
3964.0
3826.0
4146.0
4298.0
3785.0
4899.0
5021.0
3973.0
5798.0
6759.0
4227.0
3760.0
3409.0
3610.0
3878.0
4445.0
3815.0
4122.0
4498.0
4025.0
3440.0
4954.0
5293.0
4871.0
4168.0
3496.0
3507.0
4124.0
5607.0
3658.0
3569.0
3968.0
4495.0
3926.0
3235.0
5765.0
6006.0
4528.0
5257.0
4078.0
6071.0
4781.0
5264.0
3771.0
5266.0
3674.0
4335.0
6206.0
5161.0
3769.0
4490.0
4184.0
4081.0
3375.0
4526.0
3985.0
3191.0
3708.0
4740.0
4055.0
4178.0
4119.0
4885.0
4138.0
5232.0
4906.0
3939.0
4323.0
6484.0
4486.0
3296.0
4210.0
4151.0
3634.0
5657.0
4904.0
3439.0
3420.0
4062.0
4113.0
4101.0
4193.0
4277.0
3790.0
4633.0
4015.0
3110.0
4809.0
3456.0
3300.0
3895.0
4115.0
3450.0
3113.0
4872.0
4760.0
4302.0
5588.0
5090.0
3475.0
5532.0
4268.0
3840.0
3131.0
4018.0
3608.0
4969.0
4062.0
3588.0
6443.0
5875.0
4041.0
2385.0
5773.0
3602.0
3519.0
2923.0
3457.0
3913.0
3901.0
4239.0
4392.0
4239.0
4973.0
3893.0
3210.0
3772.0
3642.0
4733.0
3736.0
2988.0
4583.0
4194.0
3650.0
4005.0
4198.0
3807.0
4187.0
3912.0
4126.0
5060.0
3969.0
4173.0
3774.0
4508.0
5833.0
3615.0
3410.0
4245.0
4450.0
4115.0
4485.0
5619.0
6304.0
6186.0
5499.0
6256.0
3605.0
3296.0
4071.0
6605.0
7015.0
4998.0
3266.0
3891.0
4495.0
4615.0
4369.0
4138.0
4568.0
6183.0
4986.0
3756.0
3902.0
4214.0
5469.0
4002.0
5181.0
4202.0
5049.0
3817.0
4266.0
7131.0
4619.0
3799.0
3426.0
3973.0
4246.0
3362.0
3773.0
3987.0
5750.0
4928.0
6751.0
4024.0
3724.0
3430.0
4337.0
4112.0
4126.0
3139.0
3704.0
3357.0
4423.0
5435.0
5509.0
5475.0
4152.0
3626.0
7021.0
4911.0
3767.0
4076.0
5508.0
4871.0
4086.0
4666.0
3540.0
4843.0
4526.0
4127.0
3348.0
5446.0
4150.0
4315.0
4145.0
3844.0
3893.0
4319.0
3166.0
3860.0
3902.0
4369.0
6608.0
3055.0
3660.0
6259.0
4340.0
3877.0
3780.0
4016.0
3381.0
3470.0
5126.0
4020.0
4567.0
4529.0
3690.0
3823.0
4090.0
3172.0
4432.0
3619.0
3926.0
3535.0
3910.0
3564.0
4018.0
4455.0
5292.0
4140.0
3919.0
4529.0
5600.0
3977.0
5862.0
3685.0
3270.0
6512.0
4180.0
4616.0
2780.0
3980.0
4340.0
4740.0
4034.0
4080.0
3354.0
3966.0
3992.0
4374.0
4171.0
4066.0
4242.0
3597.0
3348.0
6340.0
4441.0
4119.0
3618.0
3548.0
4050.0
3888.0
4521.0
4463.0
6091.0
4033.0
5294.0
3880.0
5092.0
3437.0
4752.0
4335.0
3636.0
5463.0
4527.0
3655.0
4408.0
4409.0
4366.0
4066.0
3258.0
5743.0
4066.0
5393.0
4366.0
3660.0
6275.0
4165.0
3961.0
4058.0
5679.0
4430.0
3411.0
3232.0
4361.0
4599.0
3954.0
3911.0
4351.0
3600.0
3408.0
3698.0
3141.0
4026.0
4005.0
5346.0
3740.0
2969.0
5597.0
4287.0
4571.0
5441.0
5349.0
3769.0
3225.0
5245.0
4174.0
4392.0
4784.0
4633.0
4618.0
4342.0
3611.0
3671.0
3105.0
4486.0
4319.0
4421.0
4979.0
4734.0
4936.0
5664.0
3547.0
4050.0
3741.0
3219.0
3532.0
4320.0
4232.0
6253.0
3831.0
4065.0
5997.0
4155.0
5431.0
3703.0
3679.0
3852.0
3619.0
4165.0
6119.0
6460.0
5508.0
6979.0
4646.0
3916.0
3948.0
4798.0
6024.0
4044.0
4119.0
4448.0
4552.0
4440.0
4390.0
5586.0
4984.0
3801.0
4948.0
3398.0
5824.0
3944.0
4122.0
3732.0
3653.0
3541.0
4010.0
6227.0
4438.0
4062.0
3392.0
3726.0
4078.0
6061.0
5945.0
3782.0
3658.0
6038.0
3741.0
4412.0
4461.0
3699.0
3842.0
5179.0
3910.0
6000.0
3392.0
5302.0
5870.0
5005.0
4060.0
4696.0
4215.0
5548.0
5510.0
5786.0
5268.0
4090.0
4679.0
4246.0
4472.0
4318.0
3713.0
3615.0
5297.0
4367.0
3422.0
3874.0
4212.0
3829.0
4131.0
4433.0
3176.0
4041.0
4127.0
5003.0
4321.0
4944.0
3705.0
3399.0
5299.0
6281.0
4837.0
3878.0
5385.0
3568.0
3413.0
6193.0
3974.0
3451.0
3315.0
3588.0
3950.0
3736.0
4165.0
3250.0
3800.0
4913.0
4383.0
4696.0
3419.0
3310.0
5767.0
3677.0
3251.0
3532.0
4683.0
4830.0
3948.0
3621.0
3966.0
5298.0
3241.0
3767.0
4702.0
4663.0
5188.0
5078.0
6630.0
3822.0
3807.0
4901.0
3939.0
4005.0
3660.0
4906.0
3580.0
3969.0
3556.0
4150.0
3887.0
4135.0
4585.0
4448.0
4127.0
4035.0
7526.0
3567.0
4132.0
6461.0
3603.0
3864.0
4423.0
6003.0
3323.0
4765.0
4678.0
4138.0
5428.0
3542.0
3912.0
3466.0
4609.0
4522.0
3877.0
4719.0
3926.0
4143.0
6059.0
2978.0
3640.0
4303.0
4398.0
3497.0
4469.0
5006.0
4453.0
4028.0
5111.0
4548.0
4260.0
5557.0
4001.0
3420.0
3546.0
3839.0
5397.0
3651.0
3323.0
4837.0
3638.0
4956.0
4462.0
4391.0
5509.0
3977.0
4285.0
4590.0
3844.0
3526.0
3740.0
3320.0
4560.0
3950.0
5086.0
3404.0
4259.0
3669.0
4123.0
4786.0
4992.0
4391.0
3646.0
3577.0
4027.0
4114.0
3894.0
4660.0
3285.0
3494.0
4388.0
4487.0
3482.0
3492.0
5544.0
4324.0
4330.0
3906.0
5453.0
3532.0
4163.0
3652.0
3573.0
5198.0
4124.0
3581.0
3556.0
3134.0
4110.0
5561.0
4123.0
3518.0
4935.0
4026.0
3713.0
4506.0
5344.0
3923.0
4349.0
4285.0
3306.0
3747.0
3431.0
4951.0
5322.0
5415.0
4462.0
5644.0
5261.0
6020.0
4005.0
4049.0
3990.0
4778.0
6474.0
4005.0
3700.0
4003.0
5245.0
4468.0
3399.0
4009.0
3514.0
4327.0
4134.0
3720.0
3948.0
3757.0
4512.0
4915.0
4441.0
3830.0
4792.0
3262.0
4308.0
2798.0
3589.0
4615.0
4518.0
4581.0
3250.0
6319.0
4324.0
5131.0
4194.0
3673.0
3613.0
4313.0
4189.0
4118.0
3608.0
4056.0
3520.0
6091.0
6710.0
3412.0
3550.0
4260.0
4101.0
4146.0
3464.0
5255.0
5903.0
3933.0
4373.0
5627.0
4352.0
4601.0
3720.0
6073.0
5271.0
3583.0
4165.0
3875.0
4749.0
6359.0
4474.0
3467.0
5173.0
3745.0
4062.0
5702.0
6208.0
3830.0
7806.0
7125.0
4207.0
5996.0
5773.0
3548.0
3708.0
3401.0
5532.0
4171.0
4412.0
3717.0
6170.0
5763.0
4235.0
3695.0
3305.0
3579.0
4363.0
4261.0
3767.0
3375.0
2662.0
3394.0
3639.0
4088.0
4319.0
4105.0
4285.0
3856.0
4662.0
3909.0
3985.0
3975.0
4597.0
4152.0
4456.0
6469.0
3537.0
7194.0
3995.0
3791.0
3438.0
4080.0
4349.0
3641.0
4070.0
4188.0
5769.0
5643.0
3796.0
4138.0
4189.0
4699.0
3845.0
4654.0
5227.0
4513.0
3305.0
4948.0
5850.0
3890.0
3658.0
3652.0
3209.0
4222.0
4221.0
4528.0
5016.0
4724.0
4503.0
2812.0
4541.0
4656.0
3578.0
4298.0
6275.0
4136.0
4298.0
4415.0
4390.0
3629.0
4071.0
5518.0
5173.0
4409.0
5277.0
4044.0
3955.0
3860.0
5626.0
4005.0
3790.0
4950.0
3240.0
5763.0
4000.0
4070.0
4094.0
5594.0
4086.0
4022.0
5915.0
3377.0
3586.0
4021.0
3440.0
4579.0
3459.0
5536.0
7040.0
3802.0
5585.0
4360.0
4756.0
4247.0
5098.0
4244.0
3772.0
5009.0
5336.0
3887.0
4086.0
5971.0
4509.0
5267.0
5178.0
3975.0
3159.0
3785.0
3674.0
3576.0
3638.0
4575.0
3642.0
3832.0
3981.0
4837.0
4985.0
3897.0
4268.0
3910.0
3974.0
3867.0
3606.0
4421.0
6719.0
3422.0
4075.0
4278.0
4369.0
4059.0
4077.0
3894.0
3963.0
5308.0
5248.0
6036.0
6120.0
4412.0
4822.0
3972.0
5788.0
5493.0
4168.0
4384.0
5128.0
4299.0
5927.0
4904.0
6376.0
5166.0
4647.0
4618.0
4770.0
4279.0
4000.0
6604.0
4439.0
4490.0
3755.0
3975.0
5922.0
6724.0
4338.0
4024.0
4423.0
3689.0
4004.0
4207.0
3857.0
3932.0
3652.0
4167.0
3633.0
3111.0
3827.0
5793.0
4096.0
3610.0
4137.0
3825.0
3311.0
4366.0
4165.0
5839.0
3271.0
4429.0
5064.0
4801.0
5854.0
3332.0
3660.0
4001.0
4046.0
3142.0
4273.0
4665.0
5374.0
5220.0
5327.0
3419.0
6960.0
4975.0
6574.0
5382.0
5929.0
4516.0
4026.0
5476.0
4408.0
4882.0
3605.0
3361.0
3915.0
5736.0
3226.0
3699.0
3687.0
3948.0
4552.0
3761.0
5232.0
4496.0
3653.0
3533.0
3580.0
4143.0
4597.0
4566.0
6348.0
5033.0
4043.0
3281.0
8794.0
4458.0
3843.0
4497.0
4027.0
7607.0
