30
22
15
3
3
8
5 
10
15
10
3
7
23
3
9
15
2
9
4
3
3
5
1
2
4
7
12
6
5
11
3
5
3
5
6
4
3
10
3
3
4
4
2
37
4
8
19
10
4
8
3
7
9
2
3
6
4
5
2
2
8
8
9
3
19
8
18
28
7
4
8
7
2
5
16
6
10
4
5
6
6
4
11
4
13
10
6
2
2
3
10
15
11
14
14
18
13
27
42
10
8
6
23
5
11
4
14
4
23
9
17
3
52
10
7
6
32
4
3
3
2
5
15
19
4
4
3
2
45
7
6
1
7
3
17
24
8
4
3
115
2
8
27
27
52
9
19
95
6
12
37
3
6
11
12
18
29
18
2
3
4
50
5
5
16
41
3
20
33
11
7
19
9
65
5
7
30
32
9
11
4
16
29
7
20
1
4
14
26
2
7
5
2
6
11
25
9
6
3
15
6
2
33
5
2
24
70
24
3
6
5
4
42
22
2
6
9
15
18
12
31
36
7
10
8
8
7
7
9
7
2
4
6
5
4
3
5
12
10
9
5
4
3
11
5
10
4
5
6
2
2
13
2
3
6
17
17
12
10
3
4
5
6
3
6
4
4
7
5
10
3
7
4
2
5
5
14
7
7
14
6
14
7
9
3
10
3
17
4
7
3
3
9
7
9
30
15
42
14
5
17
2
14
23
11
9
12
288
62
5
2
4
3
6
12
3
7
2
7
4
4
3
1
6
5
6
9
3
19
9
20
16
30
31
12
55
4
9
22
9
2
2
15
14
5
20
76
6
6
12
15
4
3
31
17
6
3
14
3
5
5
41
9
4
2
267
13
15
325
8
16
17
1
8
6
13
98
34
65
25
4
23
53
29
242
7
9
1
28
36
7
2
20
7
2
64
315
29
6
2
9
10
5
12
4
93
44
9
5
22
81
39
12
11
2
131
20
3
5
19
3
21
29
11
4
10
4
4
8
48
5
1
143
18
13
56
42
4
47
31
29
11
27
6
15
10
10
7
17
7
15
2
5
13
3
3
2
5
10
3
6
9
3
10
22
15
6
12
5
5
4
6
6
13
7
5
6
2
2
3
11
4
2
6
12
14
7
4
5
2
22
5
7
9
5
9
2
8
6
27
0
21
6
2
4
15
42
9
19
5
4
15
5
5
10
6
11
3
5
16
14
12
3
13
4
2
3
30
7
5
10
17
49
4
1
17
3
8
7
8
3
2
8
1
3
14
6
5
3
62
6
16
4
3
8
1
1
13
27
15
15
7
15
12
5
7
5
4
16
39
5
3
4
12
2
4
3
5
9
5
14
4
18
48
21
32
41
27
23
4
14
12
3
18
12
11
5
976
2
5
6
42
2
13
26
20
11
5
21
16
6
5
6
154
133
9
7
1
1
15
59
13
3
69
31
11
21
8
18
22
14
21
11
41
9
47
29
12
6
4
3
32
61
2
25
14
12
3
82
4
9
23
17
10
6
102
7
3
20
6
42
10
21
11
13
6
8
6
12
9
6
5
4
4
5
11
5
6
6
7
9
7
6
2
8
9
4
9
7
8
18
6
25
22
35
55
8
3
2
6
5
6
4
37
12
3
5
11
37
5
33
12
6
58
7
7
3
17
9
44
3
33
8
3
3
13
10
30
7
36
10
25
49
14
28
1
5
5
6
4
37
5
57
8
82
17
3
56
10
39
12
7
18
62
66
97
4
6
14
14
13
71
7
14
8
3
10
12
8
1
24
16
11
13
7
4
19
8
8
7
5
6
3
10
4
3
3
7
7
4
26
7
3
14
3
4
15
8
18
6
6
4
4
24
6
3
2
11
6
7
14
11
2
18
5
4
4
2
6
5
3
5
9
6
43
31
16
4
2
22
23
30
19
4
8
15
4
27
4
9
9
25
44
4
7
101
4
5
2
2
8
7
7
4
3
7
6
16
7
4
22
7
41
4
40
8
3
37
54
2
10
68
629
6
16
60
17
42
14
11
18
57
24
60
4
8
10
7
5
3
1
5
6
22
38
18
18
10
20
6
15
16
11
4
14
11
29
39
19
4
3
7
10
11
5
3
2
3
31
12
17
12
13
2
39
6
3
2
119
2
32
2
26
8
12
8
3
4
9
9
73
32
49
13
61
9
11
30
2
69
7
9
4
2
21
16
18
2
32
9
10
8
4
20
3
18
18
37
38
10
14
1
13
3
25
21
7
65
5
49
2
8
17
2
15
46
13
10
58
5
68
6
13
5
3
6
7
7
18
9
5
5
8
10
8
7
7
3
12
11
16
5
11
7
5
9
9
4
8
2
17
3
11
5
15
5
3
6
10
22
11
24
7
5
3
3
1
13
5
9
16
3
4
9
5
8
14
17
9
22
10
6
7
8
36
4
7
10
6
19
2
22
15
7
5
22
3
5
12
9
27
5
31
43
21
3
28
4
3
1
15
8
4
39
4
1
6
31
10
10
7
11
7
2
4
25
3
114
4
6
24
8
14
3
4
5
18
9
30
14
15
11
10
34
6
4
14
11
9
24
8
8
26
9
2
10
12
15
8
4
7
18
7
269
9
9
3
4
6
10
9
4
6
54
32
4
2
4
3
21
20
11
6
6
21
89
5
19
158
22
123
28
181
3
98
3
3
4
19
18
19
74
5
22
10
5
8
100
4
147
70
113
57
8
14
18
62
6
11
2
2
3
72
16
13
14
6
37
48
20
15
8
62
16
6
22
2
10
7
277
