62
37
35
13
17
18
16
22
22
16
9
13
29
10
15
21
8
15
11
9
8
10
6
7
10
12
17
11
12
17
8
11
8
10
11
9
8
15
8
9
9
10
7
42
9
14
24
15
9
13
8
12
14
7
8
11
10
11
7
7
12
13
14
8
26
13
23
33
12
10
13
13
7
10
22
11
15
10
11
11
12
9
16
9
18
15
11
8
7
8
15
20
16
19
19
23
19
32
47
16
13
11
29
10
16
9
19
12
28
14
23
8
57
15
13
11
37
9
9
9
7
10
20
24
9
9
8
7
50
12
11
7
12
8
24
29
14
10
8
120
7
13
32
32
57
14
24
100
11
18
42
8
11
15
17
24
34
23
7
7
9
55
10
11
21
47
8
25
38
17
13
24
15
70
10
13
35
37
14
16
10
21
35
13
26
6
9
19
31
7
12
10
7
12
16
30
14
11
9
20
11
7
38
10
8
29
75
29
8
11
10
9
47
27
7
11
14
20
23
17
71
54
27
21
34
25
15
16
17
14
10
13
14
13
12
11
13
20
18
16
15
12
11
19
13
18
11
13
13
10
9
21
10
10
13
24
25
20
17
10
11
12
14
10
12
11
11
15
12
17
10
14
11
9
12
12
21
14
15
21
13
21
15
16
10
17
11
24
12
14
10
9
16
14
16
37
22
50
21
12
24
11
21
30
17
16
19
295
69
13
9
11
10
13
19
10
14
9
14
11
11
10
8
13
12
13
16
10
27
16
27
23
37
39
19
62
11
16
29
18
9
9
23
22
12
28
83
13
13
20
23
11
10
38
24
13
11
22
11
13
12
48
16
11
9
274
20
22
332
15
23
24
8
14
14
20
105
41
72
33
12
31
60
36
249
15
16
8
35
43
14
8
27
14
9
71
323
37
13
9
16
18
12
20
12
100
51
17
13
29
88
46
19
19
9
138
28
10
12
27
10
28
37
19
11
17
12
11
16
55
13
8
150
25
20
63
49
11
54
38
66
24
44
22
32
26
30
17
28
17
23
9
12
21
11
11
11
16
18
11
14
20
12
19
32
24
14
22
14
14
12
14
14
21
14
16
15
10
9
12
18
12
11
14
20
21
16
12
13
13
29
13
19
16
13
16
9
16
13
35
8
28
13
10
13
22
50
17
26
13
11
23
12
12
17
13
19
11
13
24
21
20
10
21
13
9
10
37
14
12
17
25
56
12
8
24
10
16
15
15
10
9
15
9
10
22
13
12
11
69
14
23
11
10
15
8
9
20
34
23
22
14
22
20
13
14
13
13
24
47
12
10
11
19
10
11
10
12
16
13
21
11
25
55
29
39
48
35
30
11
21
20
10
25
19
18
12
983
9
13
13
50
10
20
35
28
18
12
28
24
13
13
13
161
141
17
14
9
9
22
66
20
10
76
39
18
28
15
27
30
21
29
18
48
16
54
36
20
13
11
10
39
68
10
32
21
20
10
89
11
17
30
24
18
14
110
14
10
27
13
83
27
44
18
26
15
16
14
20
18
14
13
15
13
13
20
13
14
14
15
18
15
14
10
16
18
11
16
15
16
26
13
32
29
43
63
15
10
9
13
12
13
11
45
19
11
12
18
44
13
40
21
14
65
14
15
10
25
17
53
11
40
16
10
10
21
18
38
14
44
18
32
57
22
36
9
12
12
13
11
44
13
65
15
89
25
11
64
18
47
19
14
25
70
73
104
12
13
21
22
20
78
14
21
15
11
17
21
16
9
58
32
37
31
23
13
27
18
16
15
13
14
11
18
13
11
11
15
15
12
35
15
12
22
10
12
23
16
26
16
14
11
11
32
14
11
10
18
13
16
21
19
9
26
12
12
11
9
13
12
10
13
17
14
50
39
24
12
10
29
31
37
27
13
16
23
11
34
11
17
16
32
52
11
15
110
11
12
10
10
15
15
14
12
11
14
13
24
14
11
30
15
49
11
47
16
10
45
62
9
18
76
636
15
24
68
25
50
22
19
26
65
32
68
12
17
17
14
12
10
9
12
13
29
45
26
25
17
27
14
22
24
18
11
21
18
37
46
26
11
11
14
17
18
13
10
10
10
39
19
24
20
20
9
47
13
10
10
126
10
39
10
33
15
19
16
11
11
16
17
80
40
56
22
68
17
18
38
9
77
14
16
11
8
29
22
26
9
39
16
17
15
12
28
11
25
27
44
45
17
22
8
21
11
32
28
14
73
12
56
9
15
25
9
22
53
21
17
66
12
104
31
33
18
21
18
19
16
28
19
14
15
17
18
16
15
15
13
24
19
24
13
19
36
13
20
16
15
18
10
24
10
20
14
26
14
9
13
17
29
18
31
15
12
12
9
8
21
14
18
24
11
14
18
12
15
21
23
15
31
18
15
15
15
43
12
14
19
13
27
9
29
22
14
15
29
13
12
19
16
35
14
38
51
28
10
37
11
10
8
23
14
11
46
12
8
12
38
18
17
14
19
15
8
11
32
11
121
12
13
31
15
22
10
11
30
26
17
38
22
22
17
17
41
13
13
22
17
16
32
14
15
33
17
9
18
21
22
15
11
15
27
15
275
33
20
10
11
14
17
16
11
13
60
39
11
9
12
11
28
27
18
14
13
28
97
13
27
166
30
131
35
189
10
105
10
11
12
26
24
25
81
13
30
18
11
15
108
11
155
78
120
82
15
21
25
69
13
17
10
10
9
79
25
22
22
14
45
57
27
22
16
70
24
13
30
10
18
14
285
